#AOR	epoch	channel	RAtopL	DECtopL	RAbotL	DECbotL	RAbotR	DEbotR	RAtopR	DECtopR
1	1	1	331.978417498	-1.16523473166	331.305644825	0.915836199046	331.683548085	1.03907778651	332.361260182	-1.03988394655
1	1	2	331.940462546	-1.05798456542	331.268233757	1.02223148683	331.645891548	1.14575672466	332.3226652	-0.932838607543
1	2	1	331.928705223	-1.14769771274	331.251780292	0.931676418384	331.629106342	1.05561637409	332.311646972	-1.02159151486
1	2	2	331.890543345	-1.04041582952	331.214144747	1.037922148	331.591430035	1.16205129684	332.272733531	-0.914714088279
2	1	1	332.181923931	1.19579188253	333.130890537	-0.775086812673	332.419499487	-1.11311036166	331.470572192	0.85648580234
2	1	2	332.233678094	1.09452467396	333.181998618	-0.875970330627	332.470858159	-1.2137994787	331.52312945	0.755499784655
2	2	1	332.127805254	1.21213431232	333.080322953	-0.757029246634	332.36937182	-1.09635389906	331.417036325	0.871599410097
2	2	2	332.179802826	1.11091085192	333.131693063	-0.857859367421	332.420951858	-1.19689969518	331.469643234	0.770675590264
3	1	1	332.817954595	1.16428053531	333.769057129	-0.809475270157	333.199185019	-1.07954577752	332.249174344	0.889557252354
3	1	2	332.869885191	1.0630331178	333.820105604	-0.909314739623	333.250770311	-1.18016730913	332.301683815	0.788667502019
3	2	1	332.764634511	1.18050637045	333.71785445	-0.792216063768	333.148196779	-1.06273313318	332.196074376	0.905713516431
3	2	2	332.816677778	1.0793508863	333.768976142	-0.892015927285	333.199853942	-1.16330785522	332.248763633	0.80475884382
4	1	1	333.48822512	1.16428829489	334.438734269	-0.809932431386	333.868659163	-1.07957832348	332.919321024	0.890214790325
4	1	2	333.540148459	1.06304375946	334.489954162	-0.910813433697	333.920153597	-1.18029127045	332.971832449	0.789292635536
4	2	1	333.435256632	1.18076584366	334.387475286	-0.792456658823	333.817535912	-1.06276872852	332.866561518	0.906246333769
4	2	2	333.487292436	1.07954161337	334.438550449	-0.892317732738	333.869135324	-1.16338427882	332.919238517	0.805247967612
5	1	1	334.158529179	1.16456471255	335.108264591	-0.810024014864	334.538188653	-1.07966362156	333.58984254	0.890417432936
5	1	2	334.210384574	1.06316134531	335.159190477	-0.909888694252	334.589676459	-1.18036578291	333.642451932	0.789373895268
5	2	1	334.104215577	1.18069786245	335.057527759	-0.791983264469	334.488302479	-1.06263867518	333.536009836	0.905170575058
5	2	2	334.156381787	1.079600169	335.108896193	-0.892769488729	334.539950151	-1.16327140392	333.588767377	0.804382106504
6	1	1	334.889037212	1.18022471403	335.863109345	-0.776692347499	335.227775129	-1.09429399703	334.250928907	0.861809795498
6	1	2	334.942433052	1.07974202135	335.915393853	-0.875698228539	335.280661257	-1.19420499341	334.304814745	0.76148728304
6	2	1	334.836059634	1.19685007029	335.81169164	-0.759097017143	335.177065346	-1.0777359867	334.197986877	0.877244299488
6	2	2	334.88940937	1.09638870659	335.864198668	-0.858152331239	335.229916666	-1.17756795887	334.251935388	0.777076846909
7	1	1	335.787121058	-1.19893553604	335.088126287	0.87769316665	335.687007025	1.07476994396	336.385295418	-0.997000761777
7	1	2	335.748249503	-1.0920343416	335.04974943	0.983734848119	335.648401151	1.18103701437	336.345587583	-0.890257582138
7	2	1	335.736618819	-1.18221945034	335.035342898	0.893992040673	335.633728849	1.09152255946	336.334650465	-0.979357770008
7	2	2	335.697500703	-1.075251416	334.996717526	0.999926036557	335.595039738	1.19770370295	336.294813353	-0.872892388091
8	1	1	336.455772513	-1.19923846041	335.759090119	0.877991663354	336.358398835	1.07483739027	337.05405896	-0.998165851778
8	1	2	336.416848979	-1.09229202886	335.721015604	0.983322392956	336.319897902	1.18099487468	337.014676668	-0.89145443698
8	2	1	336.40583459	-1.18245982529	335.705352769	0.893843833214	336.304206683	1.09154488695	337.004129453	-0.979850713892
8	2	2	336.366748122	-1.07556375224	335.666905541	0.99992978667	336.265580945	1.19770005345	336.964261193	-0.872738933144
9	1	1	337.126167725	-1.19906707051	336.428737289	0.877736818187	337.027759642	1.07491878944	337.724587037	-0.997869358755
9	1	2	337.087214593	-1.09228245555	336.390475605	0.983201824065	336.989274374	1.18112263327	337.684961364	-0.891199904075
9	2	1	337.07469257	-1.18259817269	336.37634048	0.893895611371	336.975398013	1.09150961345	337.67345819	-0.980867444237
9	2	2	337.035855324	-1.07571664232	336.338064291	0.99924043521	336.936687597	1.1977056524	337.633787681	-0.874147662187
10	1	1	337.796645086	-1.19904231929	337.098051721	0.877368883824	337.697346963	1.07478985913	338.394914865	-0.997399381902
10	1	2	337.757711721	-1.09216977601	337.059881085	0.982771522399	337.658744329	1.18103028353	338.355362711	-0.890805296455
10	2	1	337.745171222	-1.18243014016	337.045618403	0.893661249447	337.644999549	1.09136373022	338.34362339	-0.980293153709
10	2	2	337.706203628	-1.07561474655	337.00740701	0.999002410694	337.606354832	1.19754676604	338.303986073	-0.873599279653
11	1	1	338.467821436	-1.19908849396	337.767812507	0.877551222746	338.366624497	1.07484453691	339.066026203	-0.996728141635
11	1	2	338.428824249	-1.09223991316	337.729552236	0.982919774434	338.327927072	1.1810612241	339.026250921	-0.890203624639
11	2	1	338.416122135	-1.18244888836	337.715325338	0.893397061177	338.314381238	1.09155077141	339.014248182	-0.979864199738
11	2	2	338.377113375	-1.07546965613	337.676978643	0.998698719005	338.275603714	1.19768871248	338.974463561	-0.873217945811
12	1	1	338.915134747	1.19514425276	339.873271392	-0.771302367861	339.163558564	-1.11283478176	338.205170105	0.852562788798
12	1	2	338.967559245	1.09409368628	339.924910119	-0.87201322176	339.215396763	-1.21323988523	338.258192899	0.75183981688
12	2	1	338.862107762	1.2117411655	339.822114112	-0.753782873075	339.112502293	-1.0958975986	338.152529712	0.868349846881
12	2	2	338.914504984	1.11077808564	339.873788622	-0.854380304843	339.164433188	-1.19631156067	338.205672873	0.767802166085
13	1	1	339.833268913	-1.19740325195	339.088703873	0.863150576645	339.683254845	1.07392302922	340.427170746	-0.982262422828
13	1	2	339.791996341	-1.09141175893	339.047976841	0.96830562017	339.642295241	1.17928839598	340.385127492	-0.876612473629
13	2	1	339.782016653	-1.18037030818	339.035642651	0.879706998842	339.630169412	1.09055836372	340.37550259	-0.964578615728
13	2	2	339.740623283	-1.07451022848	338.994762981	0.984895815384	339.589114644	1.19579370775	340.333442926	-0.858854896224
14	1	1	340.21877318	1.18171559146	341.178787197	-0.781949880135	340.541545381	-1.09533494224	339.578079225	0.867393830604
14	1	2	340.271284469	1.08082352802	341.230492683	-0.881394628426	340.59378562	-1.19556720986	339.631392345	0.766784155082
14	2	1	340.16553087	1.19822972722	341.12728351	-0.764577357805	340.49036981	-1.0786180392	339.525381779	0.883172390804
14	2	2	340.218359056	1.09733950452	341.179091512	-0.863960312168	340.542743031	-1.17886341406	339.578744536	0.782712334002
15	1	1	341.174734494	-1.19708758893	340.428090264	0.86253586471	341.02213257	1.07374499761	341.768391113	-0.981766974928
15	1	2	341.133262917	-1.09117047029	340.387209344	0.967632807647	340.981023826	1.1790394549	341.726253085	-0.875992532858
15	2	1	341.123045441	-1.18055046541	340.375717023	0.879181371362	340.969602755	1.09034054728	341.716426388	-0.964963913737
15	2	2	341.081553704	-1.07453023481	340.334860951	0.984218606789	340.928516683	1.19558092165	341.674324034	-0.859241493541
16	1	1	341.851150292	-1.19645333357	341.092441403	0.859292463232	341.685826502	1.07332789588	342.443413576	-0.977324569385
16	1	2	341.809163444	-1.09058996947	341.051064448	0.964168676623	341.644213475	1.17841025263	342.400658694	-0.871806312572
16	2	1	341.799466773	-1.17966931488	341.040385981	0.875936541822	341.633661343	1.09028307398	342.391671514	-0.960391521832
16	2	2	341.757466269	-1.07407906926	340.998986505	0.98071165927	341.592032977	1.19525275668	342.349007323	-0.854949984727
17	1	1	342.528757847	-1.19566284911	341.75782872	0.855173116019	342.349240143	1.07315531442	343.119544163	-0.972578796806
17	1	2	342.486060069	-1.09018871201	341.715778612	0.959673713099	342.306901664	1.17801061502	343.076239263	-0.867408540233
17	2	1	342.477016766	-1.17903285835	341.705462725	0.8722781686	342.297048495	1.08979514211	343.067956417	-0.95589044786
17	2	2	342.43434785	-1.0736095864	341.663302173	0.976855608167	342.254663921	1.19454821943	343.024630643	-0.850635619542
18	1	1	343.138400697	-1.18041442679	342.38186246	0.876130942073	342.975050538	1.090222219	343.730696709	-0.961858188941
18	1	2	343.096367129	-1.07451450435	342.340490078	0.981064279052	342.933666167	1.19524618752	343.688111651	-0.856417964021
18	2	1	343.191148416	-1.19673918878	342.433399832	0.859358338458	343.026310702	1.07372027768	343.783481256	-0.977797208642
18	2	2	343.149082953	-1.09102194934	342.391889612	0.96424497982	342.984624145	1.17865724121	343.740803237	-0.872369784105
19	1	1	343.813006475	-1.17984133611	343.048621496	0.872908836021	343.640694539	1.09006320438	344.404842186	-0.959578652131
19	1	2	343.770625176	-1.07432788175	343.006776681	0.977766031035	343.598680305	1.194957387	344.361794494	-0.854210262968
19	2	1	343.865842328	-1.19613049588	343.09978438	0.856531403897	343.691926274	1.07349093787	344.45740386	-0.975119288515
19	2	2	343.82331468	-1.09045405762	343.05788986	0.961229802413	343.650013446	1.17829061267	344.414266673	-0.869740308756
20	1	1	344.492316047	-1.17835345636	343.711601284	0.869311099669	344.302219069	1.08944204077	345.082126501	-0.953185978933
20	1	2	344.449205464	-1.07306860585	343.668969866	0.973563114604	344.259294835	1.19404979503	345.038290086	-0.847888805461
20	2	1	344.54335408	-1.19529560445	343.763961478	0.852696460954	344.354868448	1.07300162795	345.133203601	-0.970223820903
20	2	2	344.50016907	-1.09008432017	343.72150875	0.957146843693	344.3121817	1.17765176023	345.089508119	-0.865097156605
21	1	1	344.862979676	1.19918294052	345.812447799	-0.769600296545	345.173511539	-1.0795115519	344.220731987	0.888425367793
21	1	2	344.914998923	1.09800828615	345.863664479	-0.869336224935	345.225236613	-1.17999084376	344.27338044	0.787495520675
21	2	1	344.914748975	1.18233880522	345.864599465	-0.786080048396	345.225629457	-1.09631414297	344.272481415	0.871629467991
21	2	2	344.966844993	1.08117815387	345.915803184	-0.885833288165	345.277302156	-1.1967260097	344.325238257	0.770656868596
22	1	1	345.833935081	-1.17830901215	345.049989832	0.867766709485	345.640401992	1.08940230109	346.423525799	-0.951637135225
22	1	2	345.790625487	-1.07306971217	345.007297227	0.97202276634	345.597567301	1.19407943251	346.379551584	-0.846537513051
22	2	1	345.886873706	-1.1947372594	345.101410306	0.850754336794	345.691712466	1.07267367269	346.476143878	-0.967686316193
22	2	2	345.843356241	-1.08967933565	345.058629698	0.955054796478	345.648695973	1.1771718437	346.432117987	-0.86271450945
23	1	1	346.174578611	1.20075382483	347.106626717	-0.775965344416	346.465293591	-1.08050189732	345.529550776	0.895410778585
23	1	2	346.225844581	1.09901894379	347.156867132	-0.876176261813	346.516006625	-1.1813989266	345.58150421	0.794198448735
23	2	1	346.226252543	1.18403049426	347.15897536	-0.792561850928	346.517485322	-1.09716519546	345.581380618	0.878757374584
23	2	2	346.277471896	1.08247211062	347.209221873	-0.892745562413	346.568251897	-1.19813596381	345.63339838	0.777484569799
24	1	1	346.844514434	1.18295907461	347.78087609	-0.798374267685	347.2089297	-1.06402719528	346.27391545	0.912420076728
24	1	2	346.895665015	1.08128796151	347.831177467	-0.898469226387	347.259629138	-1.1650103804	346.325807606	0.811124789036
24	2	1	346.896386702	1.16605556997	347.832877487	-0.815034850773	347.261086789	-1.08063006616	346.325947027	0.895572708036
24	2	2	346.947557061	1.064482546	347.883209867	-0.915206994899	347.311808826	-1.18167812529	346.377699777	0.794326957016
25	1	1	347.51502815	1.18278158099	348.450803602	-0.798460516759	347.878937541	-1.06389177006	346.944138942	0.91246974099
25	1	2	347.566111395	1.08121737082	348.501022372	-0.89863615032	347.929695518	-1.16486299766	346.995801202	0.811238525343
25	2	1	347.566700259	1.16607825454	348.502743186	-0.815220109704	347.930882949	-1.08066709789	346.995968867	0.8958263416
25	2	2	347.617790561	1.06427431016	348.553038403	-0.915420600279	347.981512162	-1.18162130899	347.0477401	0.794536307232
26	1	1	348.182666737	1.18243655141	349.122117443	-0.797251930627	348.550567626	-1.06374905576	347.612398541	0.911197219894
26	1	2	348.233922902	1.08091190992	349.172921615	-0.898298478319	348.601333202	-1.1647539072	347.664166117	0.810163791278
26	2	1	348.235419681	1.16593725331	349.17374202	-0.814295250579	348.602085548	-1.08057229654	347.665043491	0.894926804806
26	2	2	348.28675954	1.06423686232	349.224587771	-0.915334240782	348.652872401	-1.18151811321	347.716806979	0.793910503869
27	1	1	348.85498202	1.18277116529	349.790765212	-0.798652380684	349.218761699	-1.06417773718	348.284183957	0.912652705327
27	1	2	348.906134677	1.08112373295	349.841335233	-0.899696282698	349.269439929	-1.16509285931	348.335838306	0.811512102929
27	2	1	348.90695551	1.16591210124	349.842697578	-0.815525977221	349.270616152	-1.08089371422	348.336082952	0.895962482876
27	2	2	348.958109054	1.06419944063	349.893221611	-0.916660590849	349.321413812	-1.18185473399	348.387682533	0.794873636189
28	1	1	349.523132737	1.18265668573	350.462062364	-0.797109627503	349.890155623	-1.06363214459	348.952585415	0.911613498272
28	1	2	349.574358064	1.08102230489	350.512937088	-0.898198060768	349.940989795	-1.16467357386	349.004475105	0.810547170275
28	2	1	349.576411193	1.16611292026	350.51289707	-0.8144272059	349.94102377	-1.08063296604	349.005837875	0.895916268535
28	2	2	349.627561447	1.06455926786	350.563542492	-0.915531450994	349.99172469	-1.18149877489	349.057511118	0.794820591124
29	1	1	350.608785364	-1.19175323253	349.76908222	0.832081590614	350.352849711	1.07020450024	351.191700331	-0.949293171727
29	1	2	350.562507968	-1.08784541926	349.72325783	0.935483989326	350.307062048	1.17356402981	351.144885252	-0.845852773106
29	2	1	350.556665705	-1.17492863543	349.717127449	0.848972521572	350.300962671	1.08693979713	351.139887502	-0.932348627858
29	2	2	350.510422214	-1.07094286856	349.671319203	0.952449351011	350.255188233	1.1903743714	351.093168193	-0.828975682991
30	1	1	351.277965149	-1.19136560562	350.439523909	0.833530946561	351.023435307	1.07042807016	351.861232113	-0.949328119767
30	1	2	351.23178601	-1.0873015239	350.393770224	0.936900658036	350.977722464	1.17373407132	351.814368739	-0.845809337969
30	2	1	351.225929358	-1.17476802514	350.387621412	0.849461926429	350.971674608	1.08689533263	351.809246744	-0.932415888913
30	2	2	351.179652334	-1.07076544816	350.341854776	0.952986451173	350.925950982	1.19035615142	351.762439812	-0.828894166109
31	1	1	351.896104089	-1.17486196886	351.057475004	0.848875949815	351.641050207	1.08703400819	352.479539233	-0.932796117375
31	1	2	351.849874545	-1.07095238105	351.01183688	0.95197600556	351.595325602	1.19039677909	352.432802719	-0.828987786131
31	2	1	351.947642459	-1.19166114917	351.109372012	0.832770341796	351.693718125	1.07036188096	352.531261582	-0.950039415635
31	2	2	351.901626968	-1.0875126876	351.063877114	0.935902990228	351.648137357	1.17374873892	352.484495363	-0.846276033198
32	1	1	352.623771231	-1.19079945576	351.775107335	0.829835141506	352.358246271	1.06993715578	353.205808151	-0.945380583991
32	1	2	352.57708539	-1.08704538859	351.728926836	0.933108598443	352.31201471	1.17293324636	353.158595061	-0.842107864166
32	2	1	352.57162296	-1.17391019678	351.723082434	0.846776143539	352.306230735	1.08642774752	353.153818658	-0.928881630549
32	2	2	352.524905477	-1.07005817686	351.676873405	0.949970265101	352.260054951	1.18957793782	353.106628567	-0.825647474028
33	1	1	353.294777275	-1.19071817454	352.445041852	0.828562632196	353.027505124	1.06985827774	353.876735255	-0.945115824391
33	1	2	353.248065703	-1.08700883132	352.398882832	0.931809383138	352.981087083	1.1729067449	353.829500468	-0.841904989557
33	2	1	353.242626878	-1.17400212683	352.393214153	0.845232435039	352.975511309	1.08650139677	353.824914624	-0.928766047986
33	2	2	353.195944756	-1.07017199991	352.346996331	0.948384875478	352.929187038	1.1895174727	353.777620552	-0.825651074297
34	1	1	353.605789578	1.16754268619	354.525587645	-0.820806906649	353.952361576	-1.08208351639	353.032766245	0.901777018831
34	1	2	353.656101169	1.06555021101	354.575020834	-0.921573117825	354.002236196	-1.18346136336	353.083721255	0.800004573932
34	2	1	353.553409151	1.18430228093	354.474171345	-0.803972967722	353.900735067	-1.0651864923	352.980311024	0.9182950956
34	2	2	353.603823324	1.08220754722	354.523704919	-0.904662690004	353.950547769	-1.16653084194	353.031357158	0.816443595722
35	1	1	354.277354697	1.16789239785	355.195413646	-0.821801775252	354.621007678	-1.08210614328	353.704342513	0.902909976711
35	1	2	354.327476857	1.06575136408	355.244804564	-0.922489518948	354.670745758	-1.18358823302	353.755235804	0.801085250292
35	2	1	354.224803196	1.18437683492	355.143902161	-0.80465791427	354.56959554	-1.06517127751	353.651732067	0.919113804728
35	2	2	354.275017568	1.08236173371	355.193251685	-0.905283687908	354.619474058	-1.16659466774	353.70259646	0.817280647347
36	1	1	354.950752318	1.16854662424	355.863308932	-0.823682922609	355.28801496	-1.08242071322	354.377054143	0.905042137933
36	1	2	355.000713163	1.06620622525	355.912338455	-0.92447123912	355.337610771	-1.1840963525	354.427572281	0.803094026997
36	2	1	354.898102016	1.18480360851	355.811687882	-0.806959735936	355.236614202	-1.0657709816	354.324381727	0.920934358763
36	2	2	354.948162646	1.08267509901	355.861073098	-0.908867588459	355.286192386	-1.1673356521	354.375031078	0.81914724476
37	1	1	355.624501843	1.16911810749	356.52999595	-0.8259627068	355.954247348	-1.08287066044	355.049586726	0.90747352049
37	1	2	355.674155444	1.06673294569	356.578804812	-0.926924288295	356.003403889	-1.18464545284	355.099808711	0.805468685963
37	2	1	355.571544402	1.18565440369	356.478068972	-0.809332353374	355.902996716	-1.06611143403	354.996457276	0.923570518679
37	2	2	355.621191857	1.08324460753	356.526872991	-0.910135303782	355.95222731	-1.16790201872	355.046832846	0.821589613825
38	1	1	356.296501776	1.16946293294	357.198399167	-0.827244553424	356.62249752	-1.08339555874	355.720914382	0.908894824825
38	1	2	356.345897435	1.06692681651	357.247031572	-0.92831940817	356.671550001	-1.18504522246	355.771022772	0.806829211529
38	2	1	356.244055527	1.18597236252	357.146414409	-0.810533126934	356.570800402	-1.0665024923	355.668667093	0.925357963909
38	2	2	356.293505126	1.08358110648	357.195022852	-0.911497150692	356.619754926	-1.16828416078	355.718754177	0.823196124916
39	1	1	356.968717569	1.16963767137	357.867663233	-0.828407790374	357.290778951	-1.08357879632	356.392887947	0.910008628863
39	1	2	357.017939081	1.06714541097	357.916087131	-0.929632269076	357.339630847	-1.18539575226	356.442894186	0.807821756714
39	2	1	356.916198493	1.18629454475	357.816020778	-0.811725857394	357.239289799	-1.06682335737	356.340583255	0.926584831387
39	2	2	356.965554379	1.083705264	357.86447857	-0.91273268175	357.288092016	-1.16864907598	356.390578691	0.824221283104
40	1	1	357.589070796	1.1867587304	358.483991502	-0.813453744805	357.906455734	-1.06714282298	357.012795549	0.928523403151
40	1	2	357.638026386	1.08412288102	358.532518891	-0.915600054201	357.955099769	-1.16918081491	357.062427122	0.826428002889
40	2	1	357.641287858	1.17009718496	358.535733574	-0.830141917466	357.958199944	-1.08384676183	357.064955088	0.912003514182
40	2	2	357.690319799	1.06736986674	358.584194876	-0.932257070458	358.006789431	-1.1858762109	357.114671475	0.809794164427
41	1	1	358.261114649	1.18710224293	359.152405375	-0.814731127914	358.574580865	-1.06734755491	357.684526342	0.929562694516
41	1	2	358.309908364	1.08434084172	359.200674406	-0.916857130372	358.622985996	-1.16940482287	357.733942195	0.827459345394
41	2	1	358.31335283	1.17041216946	359.204118309	-0.83128533137	358.626347935	-1.08403306945	357.736773632	0.91327419189
41	2	2	358.362071926	1.06764652937	359.252476362	-0.933528954064	358.674785915	-1.18607841425	357.786195482	0.810981849341
42	1	1	358.98627009	1.17090388482	359.872307367	-0.833086918718	359.293560119	-1.08442309274	358.409069965	0.915149535231
42	1	2	359.034925157	1.06796785561	359.920016935	-0.934643718533	359.34169595	-1.18658767384	358.458370473	0.812425666949
42	2	1	358.933981993	1.18750141379	359.820225115	-0.816399133721	359.241964025	-1.06759395756	358.356806323	0.931685787377
42	2	2	358.98265149	1.08458829019	359.86812793	-0.917853101795	359.290193599	-1.1698422146	358.406103603	0.829023102563
43	1	1	359.658664724	1.17137422756	0.540697206512	-0.834193497921	359.961955214	-1.08470146732	359.080886792	0.916930121196
43	1	2	359.707046904	1.0685619028	0.588216625226	-0.935771015055	0.0097500163709	-1.18695802691	359.129828764	0.814104572351
43	2	1	359.606465827	1.18789253696	0.48890761562	-0.817865148788	359.909964786	-1.06790189467	359.028815182	0.933145929949
43	2	2	359.654892132	1.0848449304	0.53647089435	-0.919309139465	359.957871977	-1.17017754299	359.077816445	0.830466516443
44	1	1	0.701110485162	-1.18512161427	359.789106505	0.807182293187	0.364129403229	1.06570409911	1.27491378806	-0.921840391379
44	1	2	0.651280476997	-1.0829304468	359.739634336	0.908840827412	0.314702144051	1.16730278347	1.22449768692	-0.819989753743
44	2	1	0.648587860684	-1.1685530616	359.737576846	0.824204924557	0.312713149047	1.08248378456	1.22280239809	-0.90537877168
44	2	2	0.598755310448	-1.0663174979	359.688305664	0.925996615589	0.263186838238	1.18406671798	1.17230979687	-0.803720470913
45	1	1	0.952224661857	1.18874948553	1.82462927896	-0.821031743853	1.24461682469	-1.06858159213	0.372979887244	0.936814296855
45	1	2	1.00013308025	1.08555497435	1.871690368	-0.922802160387	1.29198720822	-1.17112156824	0.421659496259	0.833957345506
45	2	1	1.00481887452	1.17196948472	1.87621351226	-0.83806405439	1.29602665549	-1.08521253892	0.4253381729	0.92059140721
45	2	2	1.05248667078	1.06883010322	1.92321038145	-0.939882087831	1.34351892007	-1.18781087047	0.473810791587	0.817713752901
46	1	1	1.62621424093	1.19038331284	2.49376488214	-0.821491342635	1.91309211376	-1.06749026383	1.046607201	0.940128023815
46	1	2	1.67386880021	1.08714007316	2.54057663352	-0.923304564513	1.96023172428	-1.17011832028	1.09490069429	0.837110745059
46	2	1	1.67763603317	1.17266769355	2.54418001468	-0.839815945978	1.96330896512	-1.08535605881	1.09772480708	0.922283565236
46	2	2	1.72508344413	1.06935392231	2.59088536292	-0.941682762261	2.010529934	-1.18805730146	1.14599151872	0.819174215822
47	1	1	2.29772789879	1.18967225673	3.16066408809	-0.824360441397	2.57922142966	-1.06896794321	1.7176273194	0.940564943874
47	1	2	2.34516665585	1.08628453842	3.20715481037	-0.926386981169	2.62621979079	-1.1718136717	1.76572664358	0.837330553992
47	2	1	2.35065556428	1.17319363902	3.21208880491	-0.841674188736	2.63062426547	-1.08580302368	1.77037625401	0.924500353087
47	2	2	2.39806264191	1.06968946006	3.25864374019	-0.944655668015	2.67743906094	-1.18858557001	1.81821928519	0.821273204327
48	1	1	2.97115511385	1.18995305518	3.82830216811	-0.826195375917	3.24648390333	-1.06947349986	2.39000874344	0.942437818103
48	1	2	3.01833085287	1.08646110107	3.87461651406	-0.928444225527	3.29321833033	-1.17233939929	2.43767821063	0.839086685382
48	2	1	3.02339946826	1.17367690217	3.87990746312	-0.843100489342	3.29811139706	-1.08600765136	2.44219099503	0.926317219894
48	2	2	3.07052493085	1.0700148522	3.92622240305	-0.945337479699	3.34469279256	-1.18892957481	2.48989491634	0.823009207915
49	1	1	3.64411511805	1.19053432976	4.49570945063	-0.828499891278	3.91352557017	-1.06960279341	3.06247892871	0.944603407312
49	1	2	3.69104968399	1.08682683667	4.54167079285	-0.930668055375	3.95985075753	-1.1726914319	3.11002644522	0.841167693795
49	2	1	3.6976264135	1.17392376691	4.54754346345	-0.845642279981	3.96437608985	-1.08655300847	3.1157105782	0.928660223643
49	2	2	3.74432033562	1.0701667604	4.59362171894	-0.948593513391	4.01077803591	-1.18945693171	3.16305897658	0.825091127589
50	1	1	4.31907783719	1.19112320647	5.16311653627	-0.831094406491	4.57929005738	-1.07039543288	3.73654568242	0.94730846297
50	1	2	4.36565802561	1.08724286425	5.20886792112	-0.934077399215	4.62527366296	-1.17355026287	3.78356313443	0.843704139903
50	2	1	4.37196787748	1.17447786362	5.21426886753	-0.848273632551	4.63043373701	-1.08668400784	3.78912355093	0.931429375701
50	2	2	4.41834309491	1.07060790221	5.25991823307	-0.951226091527	4.6763241651	-1.18982864661	3.83615569033	0.827722304651
51	1	1	4.99244583987	1.19136377438	5.83054392645	-0.833128943778	5.24624448719	-1.07039415539	4.40906135945	0.94961066882
51	1	2	5.03870062763	1.08718396565	5.8761330811	-0.936367806596	5.2919178961	-1.17388158565	4.45569107589	0.845845549448
51	2	1	5.04518299389	1.17484799986	5.88184340262	-0.849891098944	5.2974942468	-1.08703608022	4.46168291556	0.93337015961
51	2	2	5.09117482339	1.07079663569	5.92739855766	-0.953064274605	5.34328273062	-1.19038709194	4.5082697664	0.829651342639
52	1	1	5.71044599874	1.17417481623	6.555400975	-0.847465050176	5.97186138579	-1.08660000543	5.12796929406	0.930249477104
52	1	2	5.75701927476	1.07040115409	6.60107513398	-0.949852739319	6.01788679644	-1.18988520961	5.17505495201	0.826550594124
52	2	1	5.65857573559	1.1910365888	6.50321622556	-0.830913969047	5.91988865044	-1.07011857294	5.07593415206	0.947066029985
52	2	2	5.70502083089	1.08721308319	6.54906069247	-0.934307552936	5.96596008946	-1.1732264739	5.12299197558	0.84351324567
53	1	1	6.38298395736	1.17453361003	7.22330370893	-0.849050496604	6.63939771459	-1.08684352656	5.80012383523	0.931946532372
53	1	2	6.42925823518	1.0705493201	7.26869438931	-0.951619374848	6.68520652889	-1.19004156035	5.84698767741	0.828306815993
53	2	1	6.33114703549	1.19141936841	7.17144236953	-0.832355692567	6.58737421546	-1.07018587212	5.74818309129	0.948638312566
53	2	2	6.37733662935	1.08747049526	7.21689301389	-0.93482884007	6.63316888057	-1.17354705103	5.79497954106	0.844992323101
54	1	1	7.008174388	1.19234158735	7.83602778537	-0.836363866457	7.25082376429	-1.07094011458	6.42376922303	0.95305569068
54	1	2	7.05374038243	1.0881983443	7.88094045494	-0.940098763229	7.29595738225	-1.17437514096	6.47012739562	0.848729257177
54	2	1	7.06096429939	1.17587419682	7.88756211683	-0.853525219299	7.30214965405	-1.08758809889	6.47625909845	0.936886472422
54	2	2	7.10646658184	1.07158608139	7.93233546289	-0.956344537483	7.34723204996	-1.19122664988	6.52255398387	0.832875265356
55	1	1	7.68114312919	1.19270759081	8.50399194705	-0.838223662156	7.91800385364	-1.07128443066	7.09593730183	0.954934444515
55	1	2	7.72653982285	1.08838745012	8.5486797869	-0.941952714146	7.96295249428	-1.1748134078	7.14198921515	0.850796327911
55	2	1	7.73379098369	1.17603561361	8.55563124055	-0.855297232561	7.96940197487	-1.08776119078	7.14862753753	0.938614174394
55	2	2	7.77905165599	1.07174427947	8.6001485781	-0.958113252588	8.0142973093	-1.19157300041	7.19453950109	0.834515219517
56	1	1	8.40967320156	1.17774782121	9.22341940982	-0.856656408486	8.63653620052	-1.08700940629	7.82346683854	0.942465859959
56	1	2	8.45453861181	1.07319727617	9.26770688607	-0.960754751979	8.681073955	-1.19087769201	7.86912625328	0.838185790594
56	2	1	8.35645259475	1.19323885001	9.17031243395	-0.841120880827	8.58342716929	-1.0714615331	7.77002287509	0.958060770739
56	2	2	8.40131906812	1.08862206765	9.21430391497	-0.94416060151	8.62785572575	-1.17520731836	7.81565905116	0.85377009088
57	1	1	9.02634814159	1.19312136103	9.8401966853	-0.841242157627	9.25332743178	-1.07162422077	8.44018400604	0.958179420414
57	1	2	9.07121245886	1.08866353949	9.88427011207	-0.944266727221	9.29776406358	-1.17562226093	8.48583941942	0.853995239527
57	2	1	9.07914101468	1.17641118251	9.89206559634	-0.858318484377	9.3046657064	-1.08827077368	8.49282162416	0.941868491921
57	2	2	9.12382465055	1.07184906056	9.93608666538	-0.961395235821	9.3492025637	-1.19225095275	8.53832111642	0.837061874553
58	1	1	9.70124791831	1.19375251275	10.5067920935	-0.843910612491	9.91878048546	-1.0718262633	9.11414019122	0.961179066426
58	1	2	9.74571643175	1.08902699287	10.5505308378	-0.94717423028	9.96284301887	-1.17596951758	9.15921021125	0.856758738621
58	2	1	9.75454077916	1.17739798498	10.5581156101	-0.861226898543	9.96977921148	-1.0887697902	9.16710633281	0.945197899267
58	2	2	9.79876061636	1.07260984197	10.6015369662	-0.964571937314	10.0138010074	-1.1927920141	9.2121726883	0.840547542312
59	1	1	10.4271866492	1.17743747066	11.2260654399	-0.862490494963	10.6372700963	-1.08884409092	9.83931960331	0.946796032209
59	1	2	10.4712716454	1.07257035848	11.2693866786	-0.966269954286	10.6810496654	-1.1929377505	9.88407332775	0.842056778175
59	2	1	10.3752051341	1.19422410488	11.1740790691	-0.846062807541	10.5851695648	-1.0721142061	9.78755456745	0.963477152394
59	2	2	10.4193577935	1.08937850211	11.2174064903	-0.949486342607	10.6289273732	-1.17623923731	9.83232264073	0.858896681858
60	1	1	11.048495936	1.19463579009	11.8418061718	-0.84782842286	11.2524459219	-1.07223234236	10.4599115293	0.965353420032
60	1	2	11.0924413999	1.08965575068	11.8849589033	-0.951350001624	11.295895397	-1.17657910509	10.5044442061	0.860732885825
60	2	1	11.1012634567	1.17799198061	11.8931550407	-0.865015070051	11.3036711362	-1.08910314642	10.5125964623	0.949398695101
60	2	2	11.1449331694	1.07304464288	11.9361380992	-0.968487925099	11.3469228216	-1.19333211338	10.55709511	0.844624995835
61	1	1	11.7762429224	1.17854692356	12.5594552192	-0.867813566544	11.9691968188	-1.08937768607	11.1864658842	0.952355631725
61	1	2	11.8195157278	1.07329232024	12.6020283704	-0.971574688637	12.012069998	-1.19399012373	11.2304935271	0.847491737605
61	2	1	11.7251395857	1.19532728748	12.5071753181	-0.851833568413	11.9163673512	-1.07287724782	11.1353549738	0.969147379505
61	2	2	11.7682789103	1.09007177518	12.549575394	-0.955626743531	11.9591840094	-1.17735571845	11.179261161	0.864232389662
62	1	1	12.4501396206	1.17878617629	13.226914131	-0.869852052576	12.6355884689	-1.08951257582	11.8596503569	0.954457215987
62	1	2	12.4931700729	1.07330167167	13.2690655678	-0.973733638204	12.678179745	-1.19415131039	11.9032662334	0.849339213339
62	2	1	12.3984205091	1.19559904601	13.1746377658	-0.853425934434	12.583455346	-1.07298530935	11.8079124899	0.971310568685
62	2	2	12.4413053675	1.09005920563	13.2168394308	-0.957288235653	12.62594532	-1.1776752422	11.8515437895	0.866184029042
63	1	1	13.1192463522	1.17879318634	13.897118459	-0.869594018556	13.30644882	-1.08958623958	12.5291087337	0.954016745694
63	1	2	13.1622392454	1.07346168585	13.9395041259	-0.974487304262	13.3490662171	-1.19419577371	12.572876262	0.848999671035
63	2	1	13.0675793869	1.19524401073	13.8449652828	-0.8531473821	13.2540881433	-1.07305343765	12.4773657038	0.971136809993
63	2	2	13.1106769692	1.09000472554	13.8871567229	-0.956992225455	13.2970625618	-1.17761823535	12.5211304954	0.8660285403
64	1	1	13.7988469789	1.17980960572	14.5602009169	-0.874781379054	13.9675885461	-1.08997483053	13.2067246311	0.959826831682
64	1	2	13.8410635882	1.07403720291	14.6016583095	-0.978901783418	14.0093353081	-1.19494515182	13.2496982217	0.854443310832
64	2	1	13.7471417569	1.19633156446	14.5080109632	-0.858258818101	13.9153488998	-1.07330754097	13.1549068243	0.976647826156
64	2	2	13.7891806542	1.09070472101	14.5494559299	-0.963413272157	13.9571213318	-1.17843788332	13.1977690968	0.871229655442
65	1	1	27.203743314	1.20011548376	27.8665822995	-0.888331723646	27.2642367916	-1.07512506118	26.602181825	1.008503857
65	1	2	27.2407650939	1.09259087086	27.9030108476	-0.994494668333	27.3010292406	-1.18195902693	26.6398747855	0.901104037266
65	2	1	27.2567341141	1.18356959863	27.9177091988	-0.905476466833	27.3152008411	-1.09175106652	26.6548483286	0.992428117949
65	2	2	27.293788984	1.07594626803	27.9540238569	-1.01160977137	27.3517515325	-1.19871362813	26.6925092935	0.885138247383
66	1	1	27.8780604116	1.2002365547	28.5329340805	-0.890544150555	27.9301005507	-1.0751890897	27.2757362535	1.01103976198
66	1	2	27.9148448922	1.09259102836	28.5690733977	-0.997736476516	27.9665290714	-1.18225140234	27.3131500741	0.903632350973
66	2	1	27.9313823199	1.18362929608	28.5844303221	-0.907905876051	27.98105347	-1.09192139503	27.3285616075	0.994902980695
66	2	2	27.9678827598	1.07591852581	28.6203910112	-1.015282106	28.0172273079	-1.19891945826	27.3658793024	0.887409665025
67	1	1	28.55420537	1.2004602719	29.1983796164	-0.893816576214	28.594431572	-1.07536515106	27.9507916513	1.01419748366
67	1	2	28.5903375489	1.09249513309	29.2338552037	-1.00011235912	28.6303241407	-1.18253800662	27.9877132528	0.906514930327
67	2	1	28.6075430358	1.18389722195	29.2494331065	-0.911087514432	28.6452566603	-1.09188302167	28.0036270325	0.998133483101
67	2	2	28.6435011199	1.076025077	29.2848402679	-1.01758234069	28.6810158144	-1.19903871164	28.0404131677	0.8904410944
68	1	1	29.2275065828	1.20049872364	29.865851581	-0.895569552365	29.2613596112	-1.07529685042	28.6235314091	1.01605627171
68	1	2	29.2633867838	1.09247247647	29.9010492023	-1.00190961924	29.2969656571	-1.18249239411	28.6600446732	0.908285034139
68	2	1	29.2817517191	1.18395439906	29.9162159119	-0.913638430955	29.3110583856	-1.09171974563	28.6774586526	1.00056681555
68	2	2	29.3174391324	1.07581087546	29.9514046602	-1.02108215212	29.3464106934	-1.19919231241	28.7138824366	0.892914726407
69	1	1	29.9018440782	1.20058103513	30.532504893	-0.897809373825	29.927464104	-1.07509220421	29.2971440616	1.01853384042
69	1	2	29.9373285277	1.0924303377	30.5675985816	-1.00522899387	29.9625562307	-1.18257230301	29.3332025966	0.910841318986
69	2	1	29.9551871015	1.18407888185	30.5835347795	-0.915000549251	29.9782166595	-1.09194001604	29.3502126995	1.00237641833
69	2	2	29.990465225	1.07585656865	30.6183702522	-1.0225213004	30.0133638737	-1.19940664837	29.3860536835	0.894632413074
70	1	1	30.5871229734	1.20103739227	31.1910373103	-0.90537356625	30.5834645001	-1.0750257295	29.9800834208	1.02634110738
70	1	2	30.6211222086	1.09240259247	31.2246454893	-1.01347316105	30.6171536564	-1.18286292527	30.0148267933	0.918157816693
70	2	1	30.6405762386	1.18455264918	31.2418422509	-0.92262064698	30.6340985297	-1.09166695298	30.0333175583	1.01062434685
70	2	2	30.6745315585	1.07583879267	31.2754079501	-1.03060070326	30.6677758493	-1.19949918051	30.0679412303	0.902042552696
71	1	1	31.2608229003	1.20115730113	31.8581467438	-0.906790331278	31.2503158264	-1.0748869688	30.6532574601	1.02829067201
71	1	2	31.294534624	1.09258382194	31.8916565478	-1.01492193734	31.2837402659	-1.18278371807	30.6875573994	0.920141758999
71	2	1	31.3144862335	1.18431100137	31.9086125255	-0.924715331549	31.3003936606	-1.09141742575	30.7067798739	1.01256382466
71	2	2	31.3480487669	1.07566672174	31.9418095393	-1.03279046588	31.333714358	-1.19938549933	30.7410947165	0.904375122114
72	1	1	31.9420793495	1.2011210892	32.5188232247	-0.912724927578	31.9098120372	-1.07456149265	31.3329199547	1.03458786825
72	1	2	31.974849059	1.09216389036	32.5511251805	-1.02114471617	31.9420501597	-1.18281773197	31.3661382406	0.925935685751
72	2	1	31.9966588123	1.18457968088	32.5693040929	-0.930554769426	31.9594659366	-1.09123341019	31.3874413767	1.01889366049
72	2	2	32.0291261516	1.07550567087	32.601451172	-1.03904716786	31.9917276485	-1.19958518395	31.4204949009	0.910259815723
73	1	1	32.6225306712	1.20113602276	33.1812434088	-0.917715660698	32.5703635198	-1.07438008124	32.0121517878	1.03978033191
73	1	2	32.6543358895	1.09177342	33.2124685548	-1.0264025223	32.6016815259	-1.18283531847	32.0445199424	0.930945096414
73	2	1	32.6761065622	1.18440637444	33.2321370923	-0.934974596082	32.6210236457	-1.09074184078	32.0652144904	1.02370583516
73	2	2	32.707670625	1.07514054211	33.2633270968	-1.04369512045	32.6521916437	-1.19945203876	32.0975458246	0.914826754208
74	1	1	33.3089170504	1.20101945909	33.8381198734	-0.925557311533	33.2253958427	-1.07344455061	32.6962645411	1.04783189077
74	1	2	33.3391763724	1.09126505976	33.86795401	-1.03477281748	33.2553285254	-1.1824330655	32.7272536042	0.938632245665
74	2	1	33.3626667698	1.18415227474	33.8890013955	-0.942797423585	33.2759695286	-1.09012570866	32.749786668	1.03188746412
74	2	2	33.392681862	1.0745894165	33.9186041894	-1.05199219698	33.305667193	-1.19908591794	32.7804448461	0.922524176469
75	1	1	33.9873770124	1.20077686615	34.5019206503	-0.929395574127	33.8878842972	-1.07320498718	33.3734985399	1.05186664444
75	1	2	34.0168258047	1.09087963074	34.530723107	-1.03760401461	33.9170274085	-1.18221935265	33.4036083879	0.942100248423
75	2	1	34.040735428	1.18393895042	34.5524113655	-0.946584634124	33.9384061249	-1.08980435133	33.4269718253	1.03598298361
75	2	2	34.0700199103	1.07411825208	34.5812367891	-1.05501936127	33.9677273973	-1.19899175972	33.4569133099	0.926305572161
76	1	1	34.7038252066	1.18409044939	35.2282060768	-0.943350675958	34.6148714567	-1.09012740321	34.0907566901	1.03257795672
76	1	2	34.7338798403	1.07437291199	35.2575091412	-1.05155783463	34.6445318921	-1.19920031082	34.1214552439	0.923093042041
76	2	1	34.6529274679	1.20075659592	35.1752605218	-0.927177381596	34.561978002	-1.0734463351	34.0397817326	1.04955012176
76	2	2	34.6827563836	1.09086011403	35.2046326562	-1.03534551216	34.5915485985	-1.18253529376	34.0703739018	0.940069921439
77	1	1	35.3727120793	1.18421342474	35.8990236645	-0.942913932101	35.2859875169	-1.09022391497	34.7596262077	1.03208879132
77	1	2	35.4027573491	1.07453614501	35.9285761579	-1.05104293149	35.3157460656	-1.19929987108	34.7904792553	0.922642187331
77	2	1	35.3218630714	1.200996257	35.8463075534	-0.926601273687	35.2332066992	-1.0736238429	34.7085747753	1.04895815603
77	2	2	35.3518070196	1.09120798771	35.875619731	-1.03467952794	35.2627136652	-1.18260603857	34.7393239702	0.939442430092
